2.810997724533081
1.3261574506759644
0.6846330761909485
0.05051221698522568
0.07804574072360992
0.06508021056652069
0.01931394822895527
0.033064041286706924
0.006827544886618853
0.005242510233074427
0.004140091128647327
0.004521651659160852
0.0051090046763420105
0.004434383008629084
0.0029584348667412996
0.001814517891034484
0.0018403813010081649
0.006907997187227011
0.0016870761755853891
0.003022657474502921
0.004384592175483704
0.0008135081734508276
0.0012879457790404558
0.003995761275291443
0.0024154293350875378
0.0005261374171823263
0.0009683553944341838
0.0001976226340048015
0.0001914346357807517
0.0004082023224327713
0.00021635438315570354
0.0006635365425609052
0.002373661380261183
0.014374702237546444
0.0009034846443682909
0.06511230766773224
0.0006258919020183384
0.0015287005808204412
0.0005905518773943186
0.00044089037692174315
0.0004512304440140724
0.00022699755209032446
0.06800193339586258
0.011976147070527077
0.00012591987615451217
0.1289844512939453
0.0008104969747364521
0.0004309369542170316
0.0003150568809360266
7.662850111955777e-05
8.22882866486907e-05
7.179619569797069e-05
0.00010602761176414788
9.422597213415429e-05
0.0005629098159261048
0.0002497268433216959
0.0012300191447138786
0.014329023659229279
0.0005697340238839388
0.0004268694028723985
